0.0079433
0.0082867
0.0086451
0.0090189
0.0094088
0.0098157
0.0102401
0.0106828
0.0111448
0.0116266
0.0121294
0.0126538
0.0132010
0.0137718
0.0143673
0.0149885
0.0156366
0.0163127
0.0170180
0.0177539
0.0185215
0.0193224
0.0201579
0.0210295
0.0219388
0.0228874
0.0238770
0.0249094
0.0259865
0.0271101
0.0282823
0.0295052
0.0307810
0.0321119
0.0335004
0.0349490
0.0364601
0.0380366
0.0396813
0.0413971
0.0431870
0.0450544
0.0470025
0.0490349
0.0511551
0.0533670
0.0556745
0.0580818
0.0605932
0.0632132
0.0659465
0.0687980
0.0717728
0.0748761
0.0781137
0.0814913
0.0850149
0.0886908
0.0925258
0.0965265
0.1007002
0.1050544
0.1095968
0.1143357
0.1192795
0.1244370
0.1298175
0.1354307
0.1412866
0.1473957
0.1537690
0.1604178
0.1673541
0.1745903
0.1821395
0.1900150
0.1982311
0.2068024
0.2157443
0.2250729
0.2348049
0.2449576
0.2555493
0.2665990
0.2781265
0.2901525
0.3026984
0.3157868
0.3294411
0.3436858
0.3585465
0.3740497
0.3902232
0.4070961
0.4246986
0.4430621
0.4622197
0.4822057
0.5030558
0.5248075
